1762
7150
2869
5054
407
727
9410
7637
1387
3643
1433
7883
2219
1686
1637
9823
8484
8076
5814
7600
1676
6965
8764
9517
4362
7831
2247
2047
5620
8766
1541
1142
4656
2490
8092
7021
1977
767
1008
6182
5997
7199
8310
5133
4231
6852
3189
375
3380
7166
508
2396
8914
2426
11
6265
3980
283
9607
9744
7857
3460
2190
4760
3759
9812
2775
1624
7698
470
47
352
9478
4134
589
5727
3087
216
5649
9160
6906
1457
161
3165
3331
644
7982
4033
375
8405
656
1924
9310
9714
1586
1861
5362
9495
1208
8012
5556
2356
2686
7512
8992
3923
1862
2615
8124
258
2185
3145
3577
1122
7560
4855
9332
4892
1051
8651
9789
2316
2161
8199
9351
2079
1500
8733
3912
9801
6794
1404
8078
7684
9519
3655
5383
103
7594
6531
5980
7603
1467
1761
8829
6985
6721
2960
1388
7177
1384
4578
5965
27
8290
1483
181
3844
3024
2413
8599
4113
338
4803
1683
9213
3220
7240
9774
5152
657
9812
9953
5438
5947
304
78
4987
773
757
4042
3776
9406
1500
6340
7428
618
2478
5132
9800
9975
5813
594
5405
7293
4523
93
8440
4728
6413
1438
79
1331
7048
5109
156
6341
7589
3956
6191
7487
4832
5726
1406
3798
3264
4796
4470
894
721
2069
3473
9962
1532
9225
61
511
5717
9863
8364
6001
722
8869
7604
7302
4433
7648
2421
7150
8299
9075
1248
2038
610
6644
6583
7033
7881
2726
7285
7211
8004
4461
7129
1617
7396
1327
1296
7493
3026
5907
720
23
9408
8065
8974
5365
413
1066
8864
3900
6810
2199
1459
7010
1301
8131
6263
2606
5820
9680
1591
598
4956
4134
1770
7362
4333
188
2968
5905
8225
446
8747
802
8637
418
1615
5255
5041
7229
7619
378
4427
7609
7716
9627
7893
1585
4435
7802
1712
7185
5467
6728
8286
220
2664
2346
1259
2780
8529
2527
9810
6828
8889
3370
4272
7596
2548
1346
3382
827
2796
1394
2148
6029
8793
4518
213
1243
1059
2634
4357
8751
4869
5913
6950
211
1052
3804
4019
3583
9313
7077
647
2936
4623
1017
6337
2183
3907
2654
9345
3862
2768
5545
2371
1872
8585
957
5875
9700
7601
9200
7770
1571
3642
8637
1512
1669
6913
1697
7091
5237
9010
1145
1387
7784
8164
822
1786
5983
5714
71
1853
2221
4648
2453
5480
7061
3341
93
1326
4087
1492
6796
7370
4821
2455
1731
7552
7753
1724
2542
176
5123
6429
968
5987
7687
4931
3654
4502
5541
7579
7428
5906
9098
7047
7235
7726
4437
7195
8775
2505
5434
7202
9567
5502
4125
5391
492
3958
1689
1235
2821
9905
7074
1027
185
3421
4556
7380
3109
822
5561
6999
3193
9816
7751
1786
1560
7822
6059
3871
197
2483
9304
9639
4387
4205
1556
591
3801
8462
2301
8869
6628
1539
4138
6325
2609
7036
8669
3933
9340
8486
8253
3822
7715
2435
2570
4953
8124
1406
5964
7741
496
9350
2387
743
1920
2447
3935
2379
6234
3810
4011
610
5255
1095
1341
2018
1163
5191
7601
4519
6284
2158
9515
8550
1508
404
5246
1373
5112
1047
4640
2
4913
8973
5915
8429
8323
3358
9003
1901
4249
6060
1309
2889
6551
457
1868
9101
1706
6794
1765
7802
612
8966
4460
1268
9737
4729
5831
136
7267
3477
9027
8032
1630
6063
2243
2110
1835
2526
9242
5424
1709
7344
4282
6400
2150
3968
6412
7508
6445
6828
2698
1182
5548
194
7415
1657
9434
5904
1682
3542
7590
648
8040
3267
703
5875
3797
9941
662
6940
824
9863
4353
7576
5848
3338
3655
134
4881
1235
3287
820
3713
3563
8101
1296
1923
8341
571
3261
1281
2626
105
385
7049
7793
9596
4210
8600
8809
9564
3278
9136
1722
8092
9982
8997
1875
278
9920
8103
4930
2017
7611
4777
2585
5247
181
7978
1235
5001
3919
415
8221
2626
8497
638
6050
412
2945
4739
7106
1555
679
4304
9863
712
1096
7842
6151
5668
5686
8887
5592
7060
6585
7631
7392
8813
8921
4786
907
9210
3830
468
6070
8461
2193
2605
7599
9901
1739
5904
1959
6210
4152
4618
6558
5702
8000
1036
103
2791
9491
2022
2576
247
3202
2380
3094
583
9283
8006
279
2626
6733
2893
7247
4705
5613
435
4354
4976
795
1380
2001
5828
6690
5872
907
7366
3850
1125
877
8403
316
8748
5887
8054
7940
4726
9077
8905
4429
8042
2922
8257
6909
3031
7734
5008
2584
3591
8880
7199
1922
7755
1832
9263
2686
4782
9895
1240
9585
9662
7122
4752
4076
3986
5117
7122
114
3202
7927
375
9985
6217
9232
342
4716
5237
6077
2984
3868
6283
3328
3
1946
9980
7558
3628
3463
2809
2857
3679
9453
7623
3454
2350
6376
7409
7747
3208
6826
3646
9264
2621
1263
5835
7487
3938
8295
517
1264
1567
4386
8110
4974
9763
8238
5836
9549
9826
2801
7865
7017
2264
1012
4990
8763
3787
4218
2369
842
5006
1246
3022
8681
9822
2216
2179
1088
2565
4623
1657
6550
9185
8755
6181
8975
9194
1478
5942
8618
7017
3113
1545
1951
927
2369
8405
668
8855
9833
6967
4887
3084
7097
8363
507
6120
9250
8690
8557
6094
5697
5330
3927
815
1281
6821
77
9482
1191
3744
2612
5386
2036
2957
5122
8240
4939
6281
5533
9429
4077
221
4423
2652
8642
9534
575
506
8464
9081
3527
93
2352
5512
6888
6936
4909
7275
6444
5393
1914
8291
5348
6143
1368
2127
6345
5710
6214
924
8453
2878
272
3133
170
1857
3457
1995
3453
9173
7358
5220
9232
3715
442
9016
2134
4573
567
9533
7530
4629
4261
8695
2145
7049
7076
8299
5026
6723
5936
6416
8794
7596
1429
5917
6913
2428
2430
1279
5210
7630
3125
9253
2311
4577
1895
1012
3399
6251
7822
2034
1737
2298
3863
6903
9826
5832
341
2691
6749
2068
5453
724
6361
5763
9195
8003
78
4557
9760
8515
654
9645
2650
8714
6233
6643
4712
3978
387
8281
1457
9671
1525
2623
718
5989
1181
2302
8223
5743
1160
4414
3895
1891
3523
7823
7670
2506
218
317
4658
424
566
9
6982
5884
2349
6814
1914
8751
4305
7997
2131
2076
4
9993
4317
3565
7746
6234
5761
1577
8553
6601
3701
8022
326
2472
654
7288
7473
3655
5180
3804
2757
71
4098
5021
7132
1102
2596
9001
2332
993
1250
2572
9874
6207
8513
5606
5314
2250
6633
765
1575
8871
621
5587
3848
497
6106
1128
2629
8690
2691
8278
5481
8376
1668
4072
2171
8456
3634
8467
8681
6655
3327
8166
7248
7704
6651
918
8422
9409
9739
4156
760
3348
8189
1122
7137
7115
8915
319
8834
1415
9102
1835
9552
1081
1526
196
1413
9699
3510
6485
765
8153
3626
6135
2299
2799
3679
8378
340
1615
5375
7987
3468
9559
6009
4000
4745
5155
896
2070
1582
3529
1338
2532
699
1547
5200
7004
3922
3063
5721
7990
4745
1387
6047
1917
5852
2746
5092
2457
314
8270
768
6004
3233
1674
7000
1951
2727
4650
796
5574
7024
308
698
8493
4447
9685
8379
86
9414
8658
4311
7981
3805
8815
4180
5695
6613
673
6931
5990
1853
9797
5603
2878
7654
4034
1861
2776
3107
4949
4289
6470
5366
7204
731
6203
2292
1959
9211
1484
1660
9525
2162
7058
4339
1148
8546
1332
7350
4350
5781
9115
7206
2114
962
8022
2211
90
130
4343
6648
6424
2269
2381
5759
2599
3825
4981
9998
2036
7
5218
5087
585
9942
5889
1479
8419
3828
1913
7009
1718
4304
4803
121
5988
386
4533
3036
6233
3601
5647
1145
2178
8738
4613
8652
1228
150
9746
1006
1194
4481
8994
2000
1401
8860
3501
153
7861
9933
5263
4125
2595
2944
4386
322
6620
8816
255
5849
726
8431
2986
4835
7397
2918
6454
7903
5230
5952
9951
4084
7912
7093
2497
1535
8942
6201
1758
202
6023
2634
7364
9591
4206
983
6502
9033
4058
881
1188
5959
2006
268
1021
2987
7231
6490
404
9729
2442
2491
8944
8442
7219
5411
6336
6237
345
9800
7059
1263
480
8461
1706
2180
1180
9957
912
8978
1082
909
6370
4856
4857
6366
8952
4076
8913
4241
2652
2699
1523
5400
4608
2026
5171
2224
1390
8243
9099
798
2461
4474
9831
9810
8235
3024
2791
5769
4683
6090
1494
7389
7465
855
9763
1756
9868
3609
2406
1706
1364
504
9595
9798
8722
7052
8849
4486
2227
2044
4389
884
8325
1417
8167
8770
7811
3901
2952
3811
479
3335
8416
8503
6412
4623
9082
7550
4163
3068
8699
5824
1158
7483
126
9642
4835
4469
3590
1607
4334
17
4515
5059
5077
7942
6134
9890
8807
3414
5747
3844
3797
2415
2166
3831
6072
3009
2584
2635
7831
9905
5329
7693
1396
4797
5053
9438
391
1200
1286
1634
707
2422
7948
8867
1507
1397
2638
6350
6045
8054
4372
7882
2965
1004
7917
943
4047
4156
7442
9215
2457
5836
8098
871
9597
1496
7128
6999
7370
1201
9325
5069
795
6343
7798
1164
9241
636
372
9320
798
2190
4962
6775
1910
8279
797
3275
1628
9620
9941
2797
4172
4084
1062
5844
8022
4513
4803
3453
6115
8870
6115
9343
3258
2279
1819
6883
9967
4953
290
5837
791
9788
5523
9161
156
2150
2497
6724
9322
3312
6536
2207
2992
1077
2071
4498
8150
369
1175
7708
2565
5634
6619
8816
445
7556
7936
5970
3738
3440
4369
928
8490
2691
1473
6981
1766
2036
8492
4113
6845
1500
3855
4048
9007
275
7230
3938
7910
707
3978
4743
9967
8896
8533
4775
9448
145
419
1684
677
1159
8373
5488
7283
5105
2868
8258
1929
8852
6985
7958
3135
1099
404
3761
2368
8345
1963
2672
1678
2287
8356
89
7158
4792
8866
5437
8280
376
2007
8891
3736
9148
3562
5633
8070
9113
7171
6027
5903
6721
2736
2175
6342
5849
6563
1808
1596
6220
8897
6134
5815
2520
8563
2585
1344
6495
124
3182
2463
3695
1782
9174
1466
2707
7750
4410
2667
9156
6487
2165
7307
4037
1528
373
1064
7376
8412
1959
5275
808
2736
2215
5894
8407
7318
1616
4267
7615
8603
5612
5676
7905
9001
1254
8017
5877
7009
6263
2111
2029
327
9097
4300
692
7402
5855
8356
7952
5616
9591
4822
3280
6449
2973
8408
6537
924
2642
1559
6032
6090
1727
1872
8692
7558
6103
4840
4200
5670
858
6649
7943
2844
7024
8931
2551
5422
8849
1245
3912
6305
9564
7253
8019
8497
4626
126
6915
8621
3375
628
8362
3692
4694
3160
1332
1522
768
8984
6424
7384
9264
1275
8401
2832
2227
553
4217
4444
983
1979
2239
7719
5581
2415
6435
6659
5851
3209
1899
7050
5898
2773
2724
5247
2897
6393
7282
1308
2844
5861
8330
8530
9472
9139
3850
2020
7060
8588
4559
4346
6347
6489
7803
1740
1891
5755
5912
4208
9489
88
6203
1968
71
9361
3208
3908
8891
4874
6526
3032
3232
8185
1669
6510
1934
8135
8801
8487
6130
3583
8419
499
5952
2685
5058
425
8820
2785
2572
8208
5309
4121
9660
9305
3542
1825
8173
5561
6621
5593
7993
1921
8914
4269
6935
8047
8504
2607
5645
478
2883
6154
2138
7596
4980
459
819
466
1705
1852
1274
1214
2774
7876
9987
9628
2794
4435
1944
2643
2497
3048
7438
6138
1883
8023
8882
2590
722
6116
4660
3651
4078
9751
800
3054
1064
7859
5311
438
1965
9665
3908
5102
5508
8667
4491
3676
2092
5349
357
8616
5384
5424
8500
2957
7449
657
8238
616
7063
1435
8478
8301
4252
653
985
8085
6007
439
2820
4612
4324
233
2806
7240
6831
1964
1128
1303
6248
1736
7980
9671
15
7356
7172
9828
9756
4515
4470
9153
2925
7791
2083
2128
4019
741
8014
449
5770
7444
3811
842
6822
8699
4567
6022
4224
748
4682
5296
1677
4655
8116
4081
3585
5456
4566
8834
5202
2002
1311
722
3404
3622
5585
4713
4540
7491
3177
7875
8775
94
2811
2686
2509
1970
7294
865
4864
8920
3345
7555
4285
5234
8340
5617
2977
25
6917
3943
4557
8360
5701
4401
7756
3820
2500
3042
7520
2915
2033
170
4842
6062
7758
2811
3282
3619
2293
4975
2852
7888
4904
150
4343
7435
9430
9070
2006
8875
8339
2054
8075
8896
8848
4760
2166
8020
4881
7034
7975
159
1644
9878
9014
2235
3416
4055
1579
1750
671
9817
1987
9984
2263
9795
1611
813
6432
256
5883
731
2539
4709
7615
45
3458
158
2512
9543
6485
194
6997
5195
2276
3324
4966
1950
5200
6664
3151
70
1210
7878
4700
6754
3446
606
220
2233
5897
6018
2279
778
1109
5327
53
8313
8215
9979
1603
5393
2368
1726
695
6830
5700
626
8835
526
877
2758
4294
5115
9727
2672
1407
1722
4363
8581
2080
9682
4815
6982
3029
8939
758
4733
1108
268
535
9099
3642
2852
997
2710
1253
3939
7952
161
3681
4200
570
1867
1851
1785
769
1501
1161
2101
7746
2649
4118
1213
2737
6507
9658
1589
7789
1157
7041
847
9341
4478
823
7358
3196
1634
4165
3760
1040
8565
6732
9486
7818
8160
8741
5048
393
9925
8237
9848
9743
8090
4867
7720
6895
35
621
4320
9148
7473
1894
7814
5052
3043
1208
9089
9378
8863
5472
834
8476
9024
4907
1050
7450
3212
5659
7174
624
1762
2778
601
3326
8647
3403
5686
1549
5739
1303
6407
4140
6725
5789
6238
6828
8272
8082
1913
603
458
4524
3592
2507
2986
4818
8308
478
8772
2147
4325
4990
151
2916
9219
4883
1645
6589
1666
9700
8342
4016
1869
4425
8303
9389
2317
9801
4667
8893
1676
3055
6070
1219
2240
1353
160
1711
4356
7505
166
2760
2732
5755
8195
945
9773
7624
4584
7356
7813
315
5296
5234
8416
2310
62
6669
9550
3368
4991
8016
7912
2503
8279
1528
5348
7502
4042
8821
4274
1483
3957
5365
3164
6685
1079
3324
5549
2645
7896
1951
1874
6636
3377
3890
5731
2457
3444
4917
2563
5666
3028
6759
7660
2604
7075
3677
7079
4940
1914
5250
2355
8786
3049
6667
5811
7520
3954
6205
3519
6163
8360
1636
1668
636
379
3081
9952
6356
2821
1964
3286
3565
9118
6117
6118
2133
4323
258
1668
866
6557
853
3814
2604
7757
5624
2636
2265
1287
2667
5402
9512
163
2043
7845
262
4064
5598
3665
1670
2740
6189
6483
2677
9095
1253
5993
4985
2061
1648
8947
9507
4536
8592
1374
1254
5798
2799
8437
3664
5808
2717
9364
6381
428
5524
6652
7728
9807
5628
1436
5658
1329
2045
5277
111
7049
7022
8148
7409
8674
3237
1577
8298
679
6646
1445
934
9535
6538
1900
431
8503
528
21
8345
2625
1568
9933
1220
7413
9819
7048
694
2416
1767
96
1717
6394
2441
3719
772
1008
7551
5056
8940
6367
126
2416
197
5968
5729
3490
5548
6911
5494
1208
6566
5923
9152
6836
426
8778
1742
7967
1509
1707
6430
2496
4845
3268
8987
2000
4331
7792
3838
7714
9107
8472
1072
6363
5480
5037
2573
4793
7970
6832
5643
8737
2858
5840
1616
4873
9303
4049
9140
6406
718
2313
9360
8570
2817
365
6768
7029
6926
6864
2951
3476
7977
7657
5687
4573
2810
3027
2583
7468
915
9562
1459
9340
1389
828
4561
4385
2244
1640
2206
5496
3292
7518
5489
5537
3222
1404
1117
6528
5285
8996
3524
9103
6227
2846
9865
3083
8865
1923
4580
6002
814
8474
359
7261
8682
3984
9658
5785
7917
3748
2535
351
2082
4186
4765
686
2388
5597
8768
2965
1254
9606
3031
1420
506
6748
3664
8847
9910
7295
7932
3249
1125
6913
1156
4897
9142
278
1886
7844
9250
830
8652
827
5063
412
8742
4139
9848
8708
1671
2495
9038
1513
1199
8385
1733
3099
2368
800
95
3174
2553
6598
8518
4772
7885
4922
9530
4853
6778
9405
9619
9900
4301
2174
7032
7875
8458
1613
2166
4762
416
484
718
9418
6594
2486
6797
3891
9892
1563
5928
2708
1668
7332
3923
2970
5979
8166
4492
257
406
2140
6662
696
1861
2677
6203
1187
6558
6131
4646
8808
5285
1517
7974
5424
8328
4581
4087
2144
9843
4032
9031
3684
1812
1270
4249
3451
566
199
1029
5387
7685
6087
2287
9515
6172
3252
376
6841
6233
4605
8564
6918
6250
9394
3128
9044
8822
8357
7970
7428
2758
3727
8914
6824
5596
2596
668
9182
3704
3049
8497
368
5781
1347
1609
908
3468
7851
8005
1495
1220
1253
2223
6188
7449
1595
861
4428
1046
334
7073
4807
1634
9209
4676
1962
7883
1089
326
8622
7140
5187
4133
6146
3465
5331
1244
5984
5210
1346
4364
6455
8567
358
1610
7504
2713
353
8208
5902
1281
9866
1529
7608
8100
7193
3301
9107
2375
1068
9106
6787
1256
4304
297
9363
4526
2100
6545
8579
1489
5063
2615
4899
3100
7334
5270
7245
2801
4346
84
4135
6350
1902
1914
8473
3474
6376
6892
139
3320
7979
7154
9715
4424
2833
4467
8540
1590
257
4368
9082
7622
5069
3802
177
1255
4892
2190
5578
2635
5938
3766
5500
6390
4226
8599
5538
4304
4669
2669
7114
1043
7334
593
4468
6413
1363
6476
9606
2302
1237
3069
3378
322
3883
1325
282
1716
1347
8391
6460
6832
5002
4410
8244
2083
7455
5161
7966
237
6434
7447
6726
884
3009
7048
3603
1154
5231
1276
3129
381
2073
4214
9436
5997
474
8176
613
9244
608
332
9343
6934
2335
6764
2492
2950
2271
6681
5940
1675
776
8686
311
7024
6184
2877
8996
569
8985
6176
7085
2859
8158
9164
2420
5218
262
3518
1210
4674
9417
4276
7466
4178
7947
6224
4071
766
485
2506
3435
418
2194
6202
3850
1424
3634
5944
5250
2446
859
9130
4090
7311
9425
6956
4054
3779
3411
584
6754
6624
1819
9686
5093
1200
6591
7776
7917
8910
1213
2427
2684
9665
988
2166
3491
9358
7735
81
3523
4267
1070
450
6932
4623
4170
3663
2610
3342
3771
486
9333
7021
223
7529
7510
330
1178
1527
3608
3011
6401
3265
9708
600
7323
9398
7260
9408
8161
627
3233
5972
6283
37
4746
6230
3520
6856
1858
792
4405
2220
5675
8339
5399
7513
1030
3589
2129
996
897
305
6357
578
3256
3044
7162
307
3353
701
8483
4421
7585
1665
5143
1206
2368
4109
4201
7315
3825
9944
359
4374
2682
6363
2654
843
223
9928
6315
8235
4173
5809
4223
5897
4166
9276
1865
2423
4611
8446
4041
7035
8044
2378
2744
6862
6510
9080
242
86
4328
8774
7598
6184
9131
2952
2895
7464
3449
9693
4289
7000
2471
7849
444
5019
8763
5736
4769
8395
2984
2860
1307
2784
4333
542
7869
2262
8526
4213
6799
6189
5737
9423
9597
6476
8441
4984
5390
6056
89
8458
1353
2348
2229
2534
3828
9715
1636
1322
3957
8754
8888
3007
6817
4718
5496
9339
6807
3318
9940
6949
6328
3674
385
2018
749
1960
1434
5409
9475
6803
551
428
3730
2746
4528
4813
8780
3255
3925
805
1195
3625
6321
8493
5471
151
6069
7821
6771
5526
1389
6979
6888
1033
9927
9795
7434
8937
1874
489
7319
8625
738
7797
5148
3488
620
7416
9770
7650
2267
9706
1939
3779
4983
6705
6707
9610
8847
4734
6950
2269
9212
7307
2131
3792
4274
6734
2474
7121
7104
7034
3922
9178
8633
1388
260
6046
8106
9146
1339
6409
2614
2175
6386
9579
3684
3873
1089
7883
413
8515
2987
9286
6092
9775
5780
3447
1596
5458
3440
285
165
5162
9885
7623
2183
8962
8462
5952
282
3826
9158
1779
884
9300
1183
3740
1406
4006
2016
8499
1143
1766
2502
7432
4885
1241
7153
232
9386
5511
8825
8385
3216
5538
8639
4619
8659
726
2835
6623
2328
9649
6193
4747
2315
4618
4959
5159
9010
7189
188
3721
2433
6784
9569
8213
3089
7407
5637
8648
5094
1664
6333
5431
8582
9373
6447
4036
5290
3826
2911
6594
6825
1524
1014
5034
7638
5836
7264
4026
288
1287
4669
7319
5644
2788
1942
7196
1137
6223
8982
6403
5494
4556
5651
6089
5996
6718
5173
4009
4158
4036
5733
2286
997
1503
7789
9394
1370
7585
2390
1180
5384
4715
118
1793
9751
3168
4890
596
279
7245
7769
5471
2853
2813
2915
138
7069
2640
3981
4174
7308
7882
6497
6946
6711
1120
748
2256
1822
1425
1083
8113
7375
7488
8501
5622
927
3767
4598
2514
5761
575
9884
9330
3227
3695
3477
9718
8051
8283
3162
7378
3336
4997
7910
7232
3238
3513
2488
7852
31
8612
3300
7606
3979
4640
141
4312
4666
1829
2000
3874
3647
4096
4338
4663
3694
9685
9140
9318
8130
8100
3078
3494
1866
3000
834
9394
7258
9605
7380
3613
9117
4562
2686
8623
7559
1749
8200
9344
1953
7055
8949
6250
5700
1767
7448
2421
2357
9134
3682
6844
8369
1559
4156
8373
8014
910
6408
4799
7324
860
9213
1243
2166
1621
395
9719
7881
472
5903
8168
330
543
2040
6334
5560
5329
6656
5059
8346
1147
7338
4262
1709
9740
7951
6599
3449
202
3923
2703
4927
7589
3551
1181
8818
4593
8504
4565
9353
5775
4838
5269
2832
5853
1559
7646
1510
8125
1176
8235
9044
698
9554
4186
4027
1493
3320
4260
866
986
7418
9183
672
5112
1557
2602
9735
6916
8299
1953
3789
402
3899
8339
6281
705
2531
9883
2003
5751
6884
1876
2861
7983
3463
4351
3076
6225
4720
8945
8453
8595
4615
6495
2566
4829
5520
3421
3838
13
3051
8561
4884
3177
338
9335
8525
5279
3670
6802
7370
9880
4187
7413
4763
4596
6942
4846
4015
6646
6674
1450
949
2524
748
956
8792
8685
9502
286
6604
1180
2482
7889
9262
3467
4245
6187
5670
5623
139
5575
5346
2728
9097
2244
5206
1825
4319
879
6646
1545
4832
6841
1359
9199
6440
2300
6639
1935
5927
4116
6239
169
5526
6853
2664
1186
5772
1092
7610
8536
1848
197
1073
2591
452
2511
8438
651
9137
2779
8176
4726
2148
1681
3704
1970
9824
7081
3571
3146
5583
4564
264
9190
7567
1957
8236
2325
6203
2219
5266
6689
2388
8081
1572
8308
2692
5852
4199
3455
8622
8757
3217
8835
1644
1274
3035
1121
5484
2504
4459
8666
6561
4492
8934
6320
442
2064
2057
654
8593
6475
579
7975
7334
695
6797
9261
3089
4174
4313
5073
4749
1085
5497
4297
2999
4130
951
6625
7218
8131
6049
914
2546
3792
1818
7628
3497
9446
6559
3253
2653
5032
988
4447
3180
5691
5815
5383
1746
9828
7805
4506
5941
981
4440
4849
4898
8554
6258
5383
2511
5875
5257
5628
60
1096
1218
7813
6997
3201
4340
6045
7106
2271
3247
2327
3930
4777
7865
5445
1600
2193
5780
448
4306
6486
8586
302
7156
6060
5367
5698
3591
5536
878
6321
8458
1005
8755
4033
421
313
2641
7202
92
2368
2371
292
36
3077
4060
3235
8421
6625
4841
2994
9463
7995
1112
8251
9656
6900
1893
1092
9139
2031
9113
9817
2686
2389
8773
375
9705
122
1639
973
8765
7180
8869
8417
5641
5304
5687
8616
3574
9977
5378
222
1949
6553
8137
6834
639
8356
8771
6489
4282
2635
3567
9018
7767
7324
2176
7856
8286
9850
2331
7682
1400
5590
9803
2000
6862
1291
5909
4760
1260
606
3274
3319
4285
5559
7651
264
8422
8153
4426
6504
3366
2505
2489
1841
7078
2154
8127
1651
4997
1835
9704
5435
9111
7988
3258
7740
6269
5992
824
2623
8512
79
967
4220
2674
768
2287
3306
1381
1046
3839
5444
9951
6389
8770
572
4070
7489
6809
3870
1710
8013
9567
2881
5839
5204
5582
6497
1176
9478
2878
6472
7958
4227
9156
731
830
5820
2086
6792
6260
7767
250
6255
6810
9683
2704
4222
5024
4381
4960
1840
2921
962
3426
4749
5598
7865
4143
7119
7055
9704
7453
6646
9533
381
2324
8647
3388
9472
1731
6576
5399
7780
2393
9864
3169
7372
1994
3403
1818
8152
9284
8761
6167
89
4667
9075
3524
9807
98
1558
6884
1453
4570
4032
4294
1850
3217
2394
4198
70
8837
4585
5676
4818
1085
8601
7469
9565
1748
2041
6400
2854
8567
3052
7140
980
1316
8912
2060
9129
5630
2520
7329
2920
8896
64
607
6204
2839
6094
6323
6616
4605
8824
5096
8587
2638
8958
4599
7014
3424
1841
1842
4050
4325
65
3513
6043
1571
8920
3717
9906
5651
1344
4270
1890
9736
6721
5196
1458
1512
3559
4808
457
5934
9546
4497
7527
6092
2650
4195
7301
4175
584
2993
3268
4627
9313
4937
42
2740
1537
7659
4948
9919
1826
2803
1268
3801
2055
7620
5425
2286
2768
1149
8068
1603
8611
4785
1584
8100
25
9578
8654
5802
1068
8592
9073
3037
4470
1986
1157
598
6986
2062
1333
5392
6398
7239
9078
7977
4669
4738
1887
2004
8626
7761
5508
7795
5660
9699
2203
9752
6657
518
1658
1977
4932
4680
466
9672
4438
2741
4391
1737
4327
3464
4875
8350
2710
5574
5699
5492
6472
1776
3365
1293
5730
98
5017
5334
3646
1339
9568
6984
9515
8767
9252
3782
4358
2898
722
2907
9514
3442
2630
5686
402
9528
126
3327
5347
547
4923
8043
9921
2319
1117
6278
5609
6243
132
5216
8831
4639
2597
5697
2495
2524
2257
9705
4842
483
4613
2143
9688
7836
3884
2142
894
9693
4845
8651
3053
1352
1839
909
783
1725
7904
9634
3952
7313
566
4784
5258
1835
6184
8347
4722
1973
6618
5638
2422
1977
2886
5040
1880
590
1277
2683
6502
1758
9352
904
1500
3628
479
2304
2608
9248
7986
9533
6143
2586
2859
9849
3045
762
2252
8412
1185
3743
630
9352
3688
3045
7788
8575
7173
3883
7528
761
1235
1887
4409
2166
6057
2233
6171
2318
548
1439
1597
7934
4494
3318
1434
2562
5624
382
5935
7629
4861
8153
7712
6023
1298
9425
3068
9689
9109
814
8766
2764
2414
780
2281
9364
6253
8473
418
6744
4774
452
3239
586
1008
9980
5835
2490
4205
6958
9393
1524
4598
262
6397
8234
8463
4152
5685
1877
2624
3697
7946
4193
670
4736
6737
6622
1309
1164
1554
2190
8767
1271
618
8733
9093
9492
7958
9364
8838
4058
5231
6650
7231
1584
3107
3209
8933
4160
2391
2427
5119
6825
5910
3483
9945
1179
277
7387
144
4515
3029
3731
9317
4478
2946
4640
1840
7991
7587
4792
1826
1906
3089
5050
8226
2844
1088
2814
9776
3680
383
4114
8153
941
1380
3713
1959
2074
1380
596
307
241
8943
5553
3762
723
6464
9894
2043
828
6857
557
7079
5264
1339
8087
5511
1221
7000
9087
1363
2545
8359
6273
215
3242
9908
7072
1748
7747
5553
1744
4572
6511
2984
2015
2750
6253
620
6042
6654
5336
3025
317
3517
1728
4330
9854
3940
5872
7091
5940
7384
653
2047
963
9488
134
454
8686
3186
5827
4274
1817
2638
7941
6728
9351
239
147
837
1189
2318
7002
8468
2370
1672
20
7908
995
5297
6874
2729
1928
9304
6266
7622
9566
8317
2773
8810
8321
2397
7834
7763
5590
2841
8364
1336
3964
7970
7085
9567
7227
9848
8821
678
7952
1559
636
9424
3183
2761
1814
405
1307
1898
475
2756
8955
1506
468
1409
386
1582
9828
4971
8863
1503
827
8624
1374
9287
9047
7999
8777
9744
240
2274
7408
7565
728
4964
3581
4740
1966
1725
9152
6023
1681
2156
9794
2492
40
7047
6698
9019
701
6356
8458
3582
359
9993
2798
7021
9139
3296
9778
9439
7160
5458
1257
9090
1987
6591
8671
3798
5054
3417
9000
310
6642
969
1003
7172
1992
9634
945
7998
3237
6640
2223
9256
143
7495
8567
5609
7774
4123
9665
525
7454
3084
1895
8847
1701
628
4899
9434
3543
7327
3502
9472
7715
8612
8061
1133
516
8201
6993
3417
1994
988
3500
102
3638
7
6416
34
958
7881
8896
7059
9923
3126
1886
94
2756
4906
797
8070
3588
7658
8245
5995
7323
3235
1934
1362
2840
1369
6108
2427
2656
8833
7714
4627
5220
7056
8723
5825
3065
6236
1716
4490
871
3146
5673
4933
5341
459
7626
3059
558
3729
2396
8449
724
4494
1854
7306
8822
1174
1437
1016
5445
1108
3018
1030
1248
3286
8037
9055
237
4065
6162
726
3060
8594
7870
476
771
2591
3196
4684
9036
2747
6357
3180
6010
8015
9132
2572
5825
9240
767
2955
7242
7485
8591
7205
1768
2934
8783
9109
5276
511
233
7843
166
33
4967
9916
7668
2575
3582
2917
2820
4272
4108
8141
2396
924
5044
4932
7666
2310
2057
8091
6699
3606
4633
9675
1566
884
28
1448
5520
687
4014
7604
3378
388
3625
6988
3009
5955
5879
1896
9395
218
2566
769
875
1855
7422
7382
4609
9486
671
6814
831
2147
667
2955
1883
1611
3777
2079
6670
3974
5846
3175
333
464
2383
8740
6611
7007
8208
8218
989
385
525
7346
6328
8173
2353
4314
1667
513
1085
62
2252
6225
3411
194
7643
7474
1142
2025
1732
5727
9564
178
2355
3422
9951
2765
5591
5983
9713
4345
6282
2455
4188
7461
8177
3217
9717
7052
2006
4732
712
7615
8113
5990
1670
4231
8513
3184
3410
6678
2074
2799
2795
1164
2749
7541
6912
2731
5428
4636
560
3495
403
8173
9924
1249
6968
4595
7651
6609
3537
9363
8841
8737
2220
7562
6975
7601
7850
1341
3744
3681
4658
784
2482
5612
4034
6221
1259
7325
9963
8985
1944
284
7698
2695
450
2158
554
8649
5314
928
6151
3983
9402
9827
156
1329
178
7000
3752
4133
2713
6755
6517
4012
3
9930
7942
5218
5628
4070
4812
8258
6079
725
1724
6300
6954
1415
5149
460
5659
4882
659
3290
3731
6772
5865
8124
389
6055
5240
7161
1056
165
4751
8314
4352
1922
9893
933
2822
1039
6718
5947
6205
6058
5258
8854
1435
9090
7033
6611
7128
270
9856
7100
6103
4297
8888
8571
9448
848
6078
85
1391
4253
4823
1022
1716
7385
7286
6596
287
6849
8019
8755
3820
4444
7524
871
7126
3030
5319
2420
7483
3056
2979
347
4372
441
8832
6507
1277
8863
3716
3220
975
9906
5029
5443
373
742
6736
6085
4583
661
8360
3178
6978
5450
6962
9697
3604
1630
250
6416
7217
1660
4018
3087
9329
1023
8140
31
5293
4508
4820
1993
7239
5789
9260
6384
4089
8883
8544
5631
5202
3246
215
6158
9224
1096
1227
3317
7857
2127
1076
9685
610
8669
645
7731
9170
5170
4852
3219
1937
4654
8035
4191
6723
9414
5948
4625
4894
89
516
6587
9046
4856
9954
8900
658
333
4426
2079
7040
6772
6468
3759
8497
6358
4217
4570
3970
8088
9839
1645
2675
331
5691
5483
1668
3304
7415
742
1367
7868
5857
2659
4890
4589
2950
1348
4112
3511
2644
6976
7422
3892
9635
1670
1675
8405
837
6255
3975
2762
9571
9623
5525
6737
4865
1127
3429
1588
3288
225
349
7125
802
968
6155
4848
1238
2186
1731
6200
5651
298
5441
5124
3854
7954
7498
944
8587
7788
8541
5488
7820
199
8469
1521
786
4270
8003
649
8790
1123
2470
6930
6986
9931
3665
8587
8626
1594
1159
2606
7963
6043
4943
2653
6297
3116
9871
9804
3705
7588
9961
5874
6720
694
8808
6504
1726
5937
4317
2943
1977
7461
1088
4337
3546
1374
1180
6537
2808
1257
1061
4921
2252
6739
1651
6445
8669
4696
2663
9444
9940
8131
2404
1308
1240
1629
4868
429
8583
3982
418
9768
6504
9231
8880
2274
6073
2251
3280
1036
6024
3305
9423
1208
4228
1093
1459
8068
8276
673
1830
6785
1957
2544
211
782
1945
7796
469
1734
9760
9673
4519
1905
3326
7931
6781
6124
1079
9099
8537
9441
1637
2424
1426
7518
2229
7404
4901
1343
786
3297
3290
8439
9174
9075
6835
5543
6703
5485
3219
3022
2880
1100
9475
4510
4528
6559
6751
963
8115
6341
3577
2413
7549
6512
7106
5766
7630
9087
1623
1698
9170
6318
2278
2416
7451
5558
5899
5674
1743
1434
1750
6588
2015
4241
18
4988
2261
6853
1774
3267
9356
3520
6257
3930
5553
9437
3693
3096
9964
4677
9741
9577
1995
9455
2291
6423
9103
3244
1198
9043
6130
4938
1247
1652
7686
2956
6584
2347
8746
9284
3093
1968
7253
5301
780
8514
4748
9334
502
812
7977
7832
3710
8731
3427
3934
5083
7854
5658
207
2874
6824
1758
2972
4097
1604
9631
3461
3185
5087
4563
5827
8505
164
5178
8699
1522
6760
7063
5840
2344
9914
7926
7326
8163
8990
7701
2481
8963
5507
625
2409
4005
6273
592
2305
7532
2287
9566
1561
2303
8839
3128
7195
4064
5114
1247
5851
7498
9812
23
1799
7816
5560
1458
4289
9607
729
1881
6558
4967
636
1199
8162
2309
2420
5723
150
1515
945
2893
6476
2768
1484
7924
2836
1320
9302
7263
6779
2364
3829
3992
9854
3775
2606
496
500
4719
2104
1396
835
6218
1423
3790
3663
148
847
4780
754
2564
7279
4231
7014
3576
6983
795
3702
3907
6609
4241
8329
9953
2105
2160
322
8103
71
7883
1798
7587
7349
8980
9781
5800
213
9550
7469
7290
5973
6518
1568
9924
2387
2941
4338
8371
7074
889
9480
5421
7845
2415
3525
3200
1891
553
3318
2469
6665
5675
7438
1403
4002
5724
1067
6118
9046
5024
6015
8141
7233
9762
7075
2158
9829
6542
3027
8197
2338
5717
8595
8779
3512
1230
9453
7987
337
3559
2166
6803
8028
7911
1789
2303
2919
5556
6637
5070
4123
9799
8093
1751
2904
3404
7731
6091
7325
60
4484
8743
1136
8387
974
2389
3807
9351
3846
2063
4082
2868
1690
2057
6728
5078
6052
5531
9969
5235
1636
1577
4105
1611
4850
7345
1808
7463
2729
6805
2289
9447
5231
3104
2375
6543
5283
5688
7561
1886
9560
589
8602
8534
5451
2974
2260
6880
4836
2031
9861
1588
8248
1116
6286
2949
5318
6016
7784
9262
0
5935
9065
5391
2439
6253
3803
8961
8922
1897
8825
7638
9037
602
9921
5147
4042
9789
8285
9471
2345
6330
7849
7041
1856
1891
5948
9981
3647
6272
3510
1719
8976
7848
3393
5038
104
3330
947
4480
792
5263
5815
5675
2605
4839
1842
3956
5735
2055
918
5452
663
8658
9738
2379
9353
1426
7006
8093
9107
4020
7741
587
3354
6226
9003
1982
108
6886
7118
7539
1302
1055
911
3228
8477
2382
7012
747
8597
9293
3208
4938
1467
1117
4636
2930
1891
2738
3068
4650
7794
9816
1481
4453
7279
248
2727
9031
4982
8580
9995
2645
1297
41
1717
2269
4454
2488
8620
4141
1136
338
2362
6199
4317
456
4969
5144
6603
2634
202
3467
1980
8850
4578
262
1920
117
4915
8209
4077
3009
3977
2667
6952
2301
7234
5691
3460
1817
7639
1116
4427
5053
2518
2246
6657
6356
3704
2777
9351
3415
343
4812
3531
3722
188
9502
4424
2587
9023
753
1871
6648
604
541
6588
650
623
3898
6298
3379
3880
8725
4451
1557
7508
2546
5521
4845
7121
713
7503
6699
3414
929
6665
4441
3720
4783
674
9909
961
7121
3487
3374
3661
2037
3852
7218
275
978
8896
1411
2172
2375
6990
3466
5324
5777
5827
2126
2045
1136
7164
6835
736
7751
3483
2886
7717
1552
3583
5354
9103
1449
872
1709
3012
8522
71
6864
8740
7471
4003
3736
8950
2020
6561
6476
6419
7068
4849
4569
8613
6302
3175
4724
3326
3187
8446
1113
4207
9794
6509
5987
7685
9858
9391
7582
9066
1429
3604
1003
9967
8659
548
1109
2896
5970
888
9014
2643
762
4980
421
269
2354
1879
2293
6361
4365
3892
3053
4061
6147
7073
7129
1699
4917
1229
1560
2776
557
8778
9310
361
746
1522
6167
8773
900
4731
6062
5542
422
3732
9810
3774
2741
1123
9727
7478
7626
1755
2807
8695
1791
1635
7889
9244
3941
3696
4384
6705
8537
1423
2478
6028
4684
563
8946
7416
788
8816
5328
3586
6057
6502
3028
898
3746
1958
5469
8475
232
7381
9117
70
3504
8061
5636
6400
5165
7511
5906
132
5298
8877
4995
7227
5104
9195
4129
4677
9679
2609
6608
2177
2420
5510
546
2259
4482
5234
7282
2552
6955
173
2604
6225
892
181
1529
650
6039
221
6148
2241
1902
1676
2371
8388
1386
2998
6570
5249
5510
9845
2422
6408
5188
9159
4705
1778
2425
9478
5658
3661
3486
2955
4059
2976
1928
6101
2221
1935
5993
4492
9776
6168
3949
7397
2844
6395
1067
3738
2997
1605
757
225
6318
5535
2015
7142
9727
8399
2355
246
4878
8856
3029
5369
1679
2219
9123
9891
916
1594
3673
8109
8860
2187
3691
6816
3971
2297
9190
10000
7545
2296
6259
4961
5631
5744
7009
5335
2
9901
7414
4603
5775
413
9705
474
8303
3628
3345
7127
1845
658
8644
9506
111
2824
2394
7745
4334
6838
7249
8255
6228
886
2920
1228
1485
149
6252
6437
7331
1847
3575
5578
9149
7541
4087
920
5881
2953
3832
2121
4731
4323
7981
1176
7650
2206
5212
1204
772
2156
3191
7330
757
2547
7245
474
498
7087
9517
3798
8149
8641
4117
2177
5115
3608
7022
1710
2064
9257
4355
7926
5852
3007
2445
9032
7472
6717
4605
2479
8387
5616
6941
3934
9194
7464
1334
117
313
7997
8555
355
775
6935
6209
437
2051
8912
1984
5731
6382
6615
7048
1854
9745
8527
2014
1332
5741
8813
1393
2826
8830
5980
9343
9900
7005
9137
1826
4607
5125
2308
4330
6934
6461
4989
1559
5132
9357
6210
5485
3756
3002
710
6880
4432
1968
6863
3112
5933
3268
7024
6466
2241
9248
1702
8754
9409
2590
9901
2017
6071
1859
3612
1496
9473
8335
6080
7472
4241
7456
9655
4959
3381
3502
2243
8886
3214
9108
9217
4147
6865
5501
7666
778
7751
3342
8167
4449
9002
3467
1582
4213
6432
6759
2428
9448
3507
6931
2322
9615
2779
7797
3095
4289
5618
6864
5222
9228
8964
1537
5427
2738
9456
8060
361
9182
9589
307
4920
449
3102
1788
3140
137
3587
1562
3441
1267
7983
4661
848
959
1729
2850
7307
9339
1067
6710
9732
8607
3945
2357
552
7430
2445
8443
8047
1061
6725
5893
1203
7226
4018
5413
3020
7763
4170
9032
6556
9251
5905
4110
4867
7308
3579
6113
9995
7951
2684
8541
3638
8851
1924
6756
1052
4272
6931
8789
1435
1402
5164
1341
8714
8935
881
5778
1274
4478
6316
8481
312
2146
6460
5265
895
5592
6788
9339
5790
6125
4075
794
884
9091
5406
2645
3077
3002
9129
1406
86
8022
1349
1683
5019
4477
6241
7258
204
9451
6897
1954
2945
6210
2894
7227
8763
43
4080
836
6254
134
1197
3781
3192
4055
5631
1732
9707
2571
370
3247
8570
4335
8759
5739
5673
9205
9467
1634
6483
205
1521
5287
5144
5854
1864
4798
3315
495
6920
1643
5405
7174
9602
2458
8361
6835
5342
9508
949
1148
1584
5906
3064
6588
4075
5059
4864
4919
7816
9801
9034
7105
66
865
6234
7471
9623
9127
8238
4081
2743
4881
3132
3652
1015
4714
4732
2295
3254
4193
975
3350
4343
8379
1998
1096
3781
7747
2003
5402
6429
5584
92
3340
5616
6571
762
6668
4771
1534
7762
4591
3250
6400
74
7960
8463
4786
3963
1955
2348
6096
9182
3009
5339
1544
2641
5304
2033
5693
5137
8122
35
4691
734
7702
5520
1306
1912
5503
9330
744
9430
4825
8880
3073
2742
2169
1144
2613
5490
4640
4345
5483
3593
5939
3621
1977
44
3954
23
6285
7532
2523
8488
2997
9814
1812
5866
5004
851
778
9375
126
5801
1474
6045
5564
100
7572
2324
1716
351
9243
9699
9180
4698
1635
592
7072
2568
1861
7677
7933
1089
34
2282
5492
3969
7363
8713
1379
4619
7453
7164
4925
3803
8534
5423
5560
8047
202
1444
4080
9078
250
4838
7798
7145
6048
2775
5453
7414
7732
893
2833
5700
239
1509
7335
1442
1641
3153
2410
5475
7995
9014
6085
2617
5595
3663
5772
9405
7015
4768
3568
3801
3282
3222
7444
5276
2634
105
4857
4035
4808
2603
6977
9886
7464
8613
1090
5492
7534
1484
1096
9844
8556
1892
896
7498
7848
4448
4404
3924
6946
6449
3154
9964
5727
4285
5247
363
8539
3814
4896
7960
4695
6182
6314
1862
8017
3919
1201
2688
7994
272
1462
1077
4505
5119
6826
7011
549
9138
8981
8288
8145
226
4279
5262
6101
6194
4891
7841
1823
1312
8120
8027
9069
4797
1645
6776
1890
8408
2282
5675
1572
9290
8559
9459
427
3136
5976
7504
4555
1651
2519
6103
2446
489
1964
8997
2991
5856
2790
70
3592
6837
1717
6387
5199
2062
3735
9463
5528
4349
823
4879
6890
5342
1219
4960
119
1030
7859
4165
788
3590
9061
7908
3668
6748
4169
8247
579
4444
7441
4639
340
5269
4757
2970
425
3092
9903
6159
116
195
3485
4035
3690
1204
3779
4484
3832
5190
6626
7198
8533
3582
9200
6696
4840
5336
3493
3406
3116
9104
4538
7765
6071
8322
3711
3783
3214
32
5724
8325
7767
3988
1571
2957
6260
1157
9886
6333
8263
942
1071
2881
4377
1760
3497
1331
8208
8767
9942
8177
3214
8482
1862
5360
8472
1117
7990
5378
9335
8236
566
6051
5331
1652
5496
6474
8
5450
388
4028
4857
7676
2927
806
8803
1464
7361
1431
9703
3613
5398
4043
789
9962
2686
3031
1684
1133
584
7619
7389
1794
2054
4656
8878
8703
1375
5487
4888
8600
3751
2495
1508
5429
268
8344
1297
300
6162
2479
7236
7097
1915
4092
6885
2430
4073
7782
7357
5439
186
8149
1576
9064
8838
851
2631
8540
9967
4213
1973
1098
5636
6347
7032
6596
4108
1704
8006
1847
9063
5186
5169
1560
3425
901
7082
7982
1343
9074
2529
8987
7366
6218
8930
4374
3354
1046
3855
9684
1137
177
2411
7701
1022
7129
516
1450
4572
2117
9614
3949
9012
1655
2608
8936
4028
1416
8089
8506
3608
3298
4516
4613
96
560
9314
3557
6300
5811
7969
3006
4929
5920
2943
6373
386
6077
9208
7098
7485
6885
5166
424
7219
3689
6816
1803
2468
2068
6683
6335
8237
1007
1552
7509
996
7049
955
1180
2161
8174
9608
30
1551
5589
379
9344
755
3063
5095
6817
5021
3856
6542
6593
5917
14
2564
2334
9365
6424
2471
832
856
2451
6618
5222
87
8276
6622
551
917
5328
5384
6342
7564
8347
9892
7582
4653
8710
9384
7951
2286
9721
5687
9276
1126
6288
5544
582
5509
7537
7898
4572
9180
4802
3613
416
9271
1202
203
9241
9103
1393
1128
3700
5224
9433
3957
3556
8391
6744
4199
1252
3503
655
147
8502
7128
7860
6193
8960
9099
7302
3764
7155
8117
9401
1183
6408
3381
5043
8428
8029
8744
184
6357
3458
5904
1865
3413
5711
9303
6116
9177
1538
5828
4441
5829
8566
6462
4242
8635
522
206
5393
8180
1392
4663
42
1659
571
9131
3381
2556
1962
1187
6912
2562
6559
1144
7505
1930
3988
2983
2705
7637
9802
8294
2170
411
8031
8222
1876
1734
5156
6314
325
7612
8832
8542
1923
2116
9225
7873
9288
511
7589
509
9248
456
119
1600
5992
483
9835
8818
9318
9352
6628
4573
9951
8233
3138
2523
6898
5282
627
2306
2867
8600
818
3266
2697
7787
7219
1134
4674
1986
4666
1808
1789
4433
2559
6391
279
3936
7904
9975
158
6070
2189
1279
9966
5401
2686
2214
9604
1044
9827
7713
8154
511
3608
6137
4180
4174
5580
9550
4762
7801
4450
2266
3300
869
8471
8217
3864
4458
2645
2358
7422
5994
2840
4133
4945
1919
8687
9460
2749
3
758
3938
3573
1081
8785
2715
5117
471
7692
3929
5317
8846
5231
3502
4999
5355
2040
2716
6320
4286
1715
8421
9169
2070
8991
3498
6460
2328
1884
7447
7726
9595
6552
8087
5354
5344
5609
2350
3947
6789
9292
5250
9890
1606
2976
9217
6740
9931
2570
4638
4999
6785
8746
1643
8684
2634
1705
5441
8331
9532
1761
2094
1144
9230
2685
6376
4742
6697
7609
7120
3271
6279
1236
3603
867
2637
3449
4134
3600
3087
1720
7198
568
2619
7160
3762
3416
9064
4400
9606
3219
9263
4833
1404
1016
2007
9763
9666
1821
8606
7049
8422
8149
7482
2266
9252
8422
6855
8385
5707
4819
825
1797
4427
7004
820
3592
303
7742
8125
5610
1342
4334
91
821
3343
575
241
6268
6221
4459
133
7695
5911
2274
3686
713
4333
8797
6479
5493
3475
6565
4537
1936
8825
1589
483
3413
5054
2965
6859
8992
5108
8193
3417
950
5194
8926
990
275
7242
6596
3176
2051
3033
1798
4628
2794
8395
8784
2091
9512
6939
1934
5888
4682
9236
2159
6305
6259
8353
85
462
556
5536
6330
6240
2415
9737
391
2233
7747
7513
9955
5227
4124
5963
2565
2024
2605
1149
2955
4342
8389
4918
3718
7465
2172
7440
9856
3046
7741
502
1498
1644
6961
1896
4651
5625
2210
6302
8993
1164
9759
7517
5098
1083
1126
2956
1819
4042
8310
4193
4725
2243
4338
1729
6104
1069
8899
7095
3603
1066
4968
3891
7588
4031
4457
867
1311
7000
7769
9718
4615
9723
9745
9616
4842
1137
7303
2235
6495
2534
4245
3757
5286
9347
8310
5473
8504
483
1
2031
1165
3560
3790
9164
4607
3230
1647
3770
542
3098
5264
8599
2372
8004
9025
811
6370
6911
104
1341
3224
4098
4339
3485
1907
3092
7229
5279
1725
5939
211
5187
8088
2081
8793
9697
1268
4064
551
6566
2651
5013
664
9819
7065
6375
1270
1041
6353
4464
6781
6074
2797
1781
7641
7187
9641
992
2283
1295
6274
4119
2142
2441
462
2723
6063
948
445
5041
7246
9857
7433
3906
7616
4040
4897
3362
5273
6591
3068
5452
2258
490
2937
5082
8318
550
9611
5094
636
9171
6816
3684
764
1545
5985
9942
3189
6636
236
2179
1223
7182
1814
9302
9563
5717
1763
5001
2180
3917
2572
7131
8495
2439
1057
5478
2892
1142
724
6869
3717
6631
7709
2513
8932
4894
1838
3789
3734
3206
4606
9651
4330
1191
7742
5262
388
2027
7723
5480
6553
9648
6998
6821
6185
8026
1500
898
5771
9464
7966
6794
8927
1369
242
9403
1852
7819
9576
4387
9998
9191
2745
6374
8005
1943
469
2506
3776
3944
2528
6501
4247
6757
3495
7444
1996
2675
8
5720
6479
655
9627
6477
2402
4869
5398
661
9855
1997
237
4689
1306
5849
8007
7719
7096
9666
3034
763
3850
1752
8389
3447
7297
6683
817
7516
9627
9013
7545
9067
4133
4503
1781
7591
7315
7930
8318
6282
5620
4807
6468
3247
4672
993
670
1031
3281
932
7313
886
9002
2943
3383
921
7329
4451
9971
2856
3218
1744
9237
983
8500
2666
1051
170
4512
8551
8312
5471
2481
9974
1457
1443
2427
697
3475
1818
8883
784
5729
9329
9123
9851
3578
5503
8321
8018
3566
414
3944
3837
4376
3492
1695
2507
8426
1557
4638
6816
7145
3889
596
6925
1708
3495
9054
2057
5029
8621
3053
3376
8486
2611
7316
2010
3675
4693
7667
9983
9231
4440
8950
3754
4711
7834
962
7734
1616
7452
7074
5537
747
1938
3533
1432
5973
9218
4360
3192
4692
8140
1120
4734
4627
7321
946
1042
3596
3502
6821
352
7902
4781
6881
2036
3389
1696
3129
4991
7176
3623
1643
6846
7506
8178
4455
2205
138
8491
8598
3246
7695
6288
2472
3826
979
1174
8885
1295
1899
5097
7885
1010
9358
4118
5124
6431
6017
4748
8438
35
497
1438
730
8367
4441
1440
8877
9831
2345
6796
3519
2388
1724
3726
9913
4256
442
9189
5971
6435
9599
2918
8083
1244
5629
729
2563
3998
5127
345
6722
1558
6460
2332
9929
8750
1032
1480
196
5064
6807
2443
2379
1810
1394
2033
305
4275
8169
1981
8551
2858
7402
8563
6990
515
349
5726
1293
5589
4652
3822
2934
7365
1548
3338
802
7668
6453
7267
6935
540
5519
9345
7169
3727
1015
2004
3925
6771
6446
5765
1702
6279
4651
5607
9304
159
2171
287
3204
4785
982
6963
9912
8194
27
9849
1948
5817
8508
6984
2730
6300
9319
8712
8618
1379
3529
1943
6171
2039
7047
4055
2010
2377
5912
9608
7605
6156
3054
1188
3393
1720
7438
767
7315
6663
9474
1797
7934
448
2991
8032
6341
7023
6822
2884
8957
9030
9867
8311
2028
7784
585
1497
9263
8916
2676
9807
1298
4654
1037
803
5694
4787
1499
5451
5457
29
773
7480
2066
1541
1565
4258
3349
7563
7192
1504
6389
9202
9591
9547
1602
3583
5458
37
3045
6385
5072
4662
3206
3679
1939
1575
8209
3402
343
4914
2531
5724
8126
8025
1916
100
3880
1493
8284
1883
8433
2579
3384
8206
4723
3306
119
1951
1662
9985
8919
1830
8447
4609
8501
1429
416
1541
5011
773
837
566
3559
3052
743
155
5500
9212
984
2018
4200
6886
6327
4181
1148
3378
4214
3695
6219
1751
5924
8951
5647
558
5080
6537
1947
5213
3381
4340
1676
8363
8484
4739
4210
8726
9446
7903
3393
9163
8092
4561
3100
1347
4442
9982
9628
5843
8414
6800
7071
7545
2096
2910
9030
1659
1413
1016
8960
8040
9349
8145
5282
1426
4007
1743
2507
9628
2833
6421
6615
9559
5636
7069
3810
1450
713
952
7501
9453
127
2389
8788
242
9055
670
3599
6959
3579
3367
7306
9269
1848
5024
6113
7946
5062
9574
1596
8991
51
8168
4920
5498
5451
2229
3039
784
9798
4725
2187
4615
1855
4980
4309
6455
8982
3871
9864
7595
1877
5355
9873
1190
489
7112
8720
751
699
971
4209
5743
3557
1201
7862
8634
6299
8126
7090
2052
3486
7939
8137
2760
7497
9
4459
1903
1842
6986
2595
2970
3534
7965
4669
7975
5424
3845
1921
9876
2429
5129
9259
7931
9118
9175
2671
8880
9401
5877
2909
891
3058
8360
7476
3579
7878
7657
5178
9717
9208
7318
5307
6272
996
8629
2055
1198
2881
8556
2214
1902
5926
7686
2482
3765
5812
3044
842
7169
4610
4759
9803
4815
4163
3823
2129
3314
6283
1790
1998
431
7663
7771
7480
6183
9820
3995
7514
9844
4105
9111
8656
9969
6555
3500
1972
6105
3263
7658
8142
2699
9767
6027
2193
4274
1935
3288
9995
939
161
8255
1103
9222
7105
4081
99
2412
6308
2692
4410
4768
1945
1740
744
9943
6611
6643
3704
2445
1642
9640
6304
1217
1347
153
9625
6066
3115
7492
467
4746
3889
2113
1027
8673
742
4815
8418
3982
8167
1504
1228
7002
1504
2743
2249
1479
9789
399
4304
7690
7194
6739
3036
6731
5520
6824
1228
9923
4990
8294
6154
5754
8771
9348
5428
3241
5093
1375
893
2649
7263
254
3281
2218
6722
6780
8437
2495
7768
4509
4459
4150
1179
9536
314
1507
8147
9410
9554
7454
2626
390
9458
4303
5805
3449
313
325
4456
759
252
1192
686
4157
2055
7963
9323
8579
5019
222
8099
7923
8266
3245
9231
5916
1615
1602
6486
3263
6735
441
7167
1308
3222
3461
151
1595
2343
6431
1972
32
2427
6179
1397
3171
3101
4722
9870
5702
7504
1860
3554
8808
6652
2100
6467
2127
3623
4094
3023
2949
29
9779
3066
5877
4558
2851
3903
2943
5004
8236
8562
1860
3148
7963
343
9236
2617
4855
3941
1306
7370
3925
1071
1781
3955
9712
6846
2779
53
4321
8873
9486
9049
6528
2558
5585
2079
353
1604
335
2428
7061
8456
4503
8588
9633
2634
2445
9157
8129
427
1384
4836
8427
4514
676
1338
4193
7638
4256
5064
4177
7611
3104
4051
1925
1188
927
371
7639
9204
5830
1103
8868
3668
3525
9185
3590
7544
3170
9156
6188
7059
1996
1619
3930
7441
1305
7851
2119
3891
6831
5375
1046
2504
3253
4889
6317
577
6292
5521
4635
9575
6229
2638
7023
7815
5618
6880
499
1275
9934
1407
3612
6583
4797
8177
4493
4807
401
7660
3649
3969
5319
2619
6104
2690
8593
6530
7457
128
6134
2354
5061
815
6491
3760
9537
6768
4776
6821
6517
2488
3242
7060
4092
5056
2572
936
7964
6792
2208
52
4643
2308
8424
990
1549
823
8708
4593
3268
5318
4977
4431
8129
6891
9084
3551
4588
5234
591
8424
7118
1241
5579
5141
1491
1846
7113
3358
447
2208
1887
9436
2837
1124
9391
7890
5075
2661
3453
8758
788
9406
8472
9581
6838
6992
161
8977
2235
1235
5489
2605
3274
7288
5881
2569
7078
2398
4105
4873
4605
5093
9348
2569
3373
3183
7059
2219
928
6420
3609
4880
7225
1724
4042
8839
743
4471
5091
9359
4412
5043
7491
3490
9743
71
9532
319
1233
4406
9301
3652
8590
879
5419
8571
506
2852
5869
6092
7145
9
9167
2880
7190
2154
5770
7508
2128
9608
8457
9139
1516
1298
4687
2234
9541
436
8369
5545
7274
9935
1283
9365
4346
7460
5673
9971
6956
6753
326
4177
7253
8267
9336
6088
9940
1121
2272
9628
4301
2377
4058
639
7530
9661
3531
3201
9476
4450
1736
2226
393
3300
7003
419
2073
1361
2135
6121
9025
7580
6065
1590
3042
4663
2538
7426
3840
2363
531
7974
2651
9683
2142
3011
6607
332
7777
5020
4613
6812
7136
4992
3192
4896
7944
3962
2999
4332
3278
4264
8715
1339
491
2182
5619
657
3648
4935
5725
5691
4833
6826
7006
9823
2175
1584
303
5123
9544
5059
1041
4680
6813
8061
2910
8424
6719
8639
4903
2284
9558
6758
4377
1820
4905
4073
1585
1873
9519
4541
1537
8698
586
6435
2038
6323
70
5746
7588
858
1015
9423
1403
9377
9464
3535
6961
897
6009
1835
1057
824
7877
8315
62
1648
7908
6881
8567
5331
688
4523
9100
9524
7744
1318
5151
4106
3722
5536
9299
2144
2742
2952
8308
1917
234
8637
1867
4346
4092
9672
5761
9721
4354
8769
8933
8470
3699
3434
7976
510
9677
5517
9169
5147
144
4730
301
7786
238
3345
922
7957
9809
1990
9210
244
9017
178
4326
9640
6550
2536
7100
2905
1561
3072
1557
8769
9312
8063
6721
9348
8217
8808
4377
7564
8936
5899
4175
1672
416
9451
876
6760
1194
4384
8765
9231
6622
5622
1202
958
2856
1260
1418
9534
4047
4062
8676
6810
4610
9363
1029
6884
1728
2502
7531
4846
5329
5552
5541
8708
7030
956
9457
1385
415
1184
945
7910
8607
4783
2946
7501
4256
9235
8851
160
46
4164
140
169
5058
1902
2622
8913
375
8124
3310
5609
1664
8686
5900
9823
9304
8378
8837
6918
2115
476
749
7775
1448
2597
8471
67
5889
295
7791
7797
9775
6456
8739
9735
8949
8987
1478
9863
5244
6787
1039
4548
349
3503
537
4579
5678
1819
4125
4518
5476
6317
1434
4482
6370
6354
8568
1712
197
7013
7656
1324
2661
836
6371
6939
4646
2659
1367
3853
2161
1957
2976
4134
3860
2474
5765
5002
3808
2037
5071
8656
3571
1498
7281
617
3806
1229
3140
1565
5219
6226
8886
3140
4587
5092
2343
6525
8877
1994
2611
4698
3408
7754
492
153
5799
4040
6154
7274
565
3847
537
1582
6778
3083
827
5693
7881
7516
555
7595
9063
3510
8476
8747
7884
7657
8897
6547
8432
9274
1024
3140
7716
7881
5129
1700
4307
8147
63
7275
6504
8243
5086
7155
8306
1337
3933
8915
1932
5098
5530
21
8196
5943
3384
6104
6860
3789
7385
76
2939
8281
7921
1319
8558
3929
305
1181
8653
6238
6876
5046
4160
3042
2392
1482
4197
8032
1184
3653
4042
4508
184
7908
9158
3808
2654
2866
5042
9400
3804
4553
3151
8771
6692
3834
7564
2611
6847
6017
8172
5733
6999
3087
8051
6715
6302
3983
8857
1967
958
2970
447
5871
9578
8095
4082
4424
8058
849
9643
7220
4321
2433
1593
7533
3462
2212
3876
2990
5748
2471
2268
5551
9098
2533
6375
4555
2536
2916
6757
2388
2654
6857
2133
9957
2348
3500
7936
1077
7919
1563
2615
633
2508
3956
1921
4560
8143
4908
319
2017
7118
2882
8709
6116
2863
9740
3786
2503
4224
4323
7969
39
6697
9468
2061
4364
2838
4824
8521
5795
6057
7918
4074
907
1048
962
7856
1350
4435
4540
1698
3465
3999
1838
857
6585
7303
5226
6914
1621
1902
4789
9864
9935
7299
4651
1350
102
29
8840
6469
4868
2847
5278
7168
3369
2800
314
1480
3666
1533
3421
9271
4523
8549
4
6615
2090
8626
6442
4371
5328
3509
4212
942
3059
4166
3183
8628
5008
4780
102
5246
7799
6919
5939
440
9524
788
4944
2182
480
2422
3554
741
4733
327
4121
5012
9266
5123
4998
2923
2157
6101
1327
9775
9134
794
5531
8974
332
8121
4773
6680
8352
7931
9125
9943
7703
4387
1098
2181
5029
3873
8346
3032
5995
1834
8711
5144
1775
579
7729
9614
3002
2428
4361
4995
2146
8941
3564
1151
1384
2957
1264
9902
9033
3796
985
2646
4123
5908
2803
7589
6523
5389
3654
5044
8089
4679
1604
1707
962
9805
2868
2403
2165
1595
3141
9131
2060
9675
1607
5906
4125
5133
1298
9640
1080
8984
9072
7503
116
2299
160
6290
2909
5790
9507
9364
3152
5112
1180
2228
5200
1398
2811
8470
5247
2872
8044
3720
7572
1272
5385
5959
2396
6837
2674
6221
7239
6222
8921
5446
9376
5156
1054
1768
1931
2154
2855
3323
8442
2320
4657
4301
1601
4980
7945
4205
1263
5702
2753
6956
1646
9618
8610
4956
6868
430
6499
37
8987
6498
7470
8328
708
3477
9443
8632
6246
7057
346
5173
6333
1840
1505
3885
6013
5669
1754
5217
7112
8641
5972
1568
456
5031
8097
1286
1621
1210
1664
9847
6543
7351
5818
5510
3572
903
9831
6029
8305
5153
2791
5146
1556
7669
2799
7005
5785
5133
8483
6328
3750
7650
5243
5889
7206
9918
8651
9791
7567
8055
371
1708
1624
1815
7524
4511
1486
8481
31
1471
9300
1065
3456
2689
9491
4626
4631
5283
4242
6066
8239
8811
8317
6096
1418
6608
8306
2175
6472
1756
3494
2778
8130
42
1923
6717
307
359
1383
1897
1173
2535
3626
8733
7009
6466
2341
8757
9167
3175
6208
6657
6355
3153
2009
4754
5897
4955
4433
3490
222
7690
3316
4603
3763
6576
2162
7135
1583
1766
9786
1484
2163
5163
5478
7590
5042
1586
5727
9694
9119
7970
772
1647
2328
6295
6675
9039
5094
6052
5005
6574
9962
76
6064
4627
3875
4158
271
4708
2929
3896
1099
4978
7982
2596
2258
8095
1610
9616
2091
0
510
7023
7471
6802
2582
9917
9279
6243
9796
9560
5407
2395
2674
5086
5888
1353
1142
5711
2917
9330
5617
6658
2085
284
1394
6443
104
7258
4929
4095
1762
9651
9913
1582
5633
615
7706
6623
9143
6595
5802
733
5294
5714
572
867
9293
693
8792
4221
1034
6389
7845
6408
7391
1659
6770
8376
6656
4820
143
7782
186
4962
9969
1906
5032
3668
3507
998
708
2198
9462
3194
3056
9547
7265
2023
5140
434
6122
1037
4295
7830
4740
426
1249
1821
726
8431
1055
7077
9326
7121
7932
7955
8341
4906
9707
2030
7198
4075
3534
9800
3195
629
5824
700
521
9604
5702
1298
7451
344
1105
9384
5595
9033
8546
4309
3197
1181
8418
1346
1476
534
7921
2527
4293
2034
5200
33
2915
1633
5064
6318
2738
4031
2225
4241
574
9403
78
355
3169
9157
1375
9511
9393
5170
6521
1124
2952
5096
8124
3206
8056
5661
8192
7215
2110
5871
5789
5799
4488
7606
2334
3309
4370
8280
4099
9022
4581
8139
8018
377
9745
4557
8225
5991
4810
9292
2003
8913
6545
5943
5526
9256
9156
3824
7438
729
9386
766
8961
3999
2677
